[gd_scene format=3 uid="uid://cuxq8pu4q273h"]

[ext_resource type="Texture2D" uid="uid://dq80lua41y4qd" path="res://assets/skies/the_sky_is_on_fire_4k.exr" id="1_g7iek"]
[ext_resource type="PackedScene" uid="uid://bxiqylmq2yxls" path="res://screens/vehicle.tscn" id="2_6nlyh"]
[ext_resource type="PackedScene" uid="uid://dx3nm4384n4n8" path="res://spa_path.tscn" id="2_gfkhe"]
[ext_resource type="Script" uid="uid://cdncxbukfc3s5" path="res://scripts/label.gd" id="4_gfkhe"]
[ext_resource type="Script" uid="uid://c7h8kdid14uy8" path="res://scripts/HUDlabels/speed_label.gd" id="5_he66p"]
[ext_resource type="Script" uid="uid://b3j2d2mth84ab" path="res://scripts/HUDlabels/time_label.gd" id="6_5kag3"]
[ext_resource type="Script" uid="uid://1jb4fejsrdev" path="res://scripts/HUDlabels/penalty_label.gd" id="7_g7iek"]

[sub_resource type="PanoramaSkyMaterial" id="PanoramaSkyMaterial_3ciuf"]
panorama = ExtResource("1_g7iek")

[sub_resource type="Sky" id="Sky_6nlyh"]
sky_material = SubResource("PanoramaSkyMaterial_3ciuf")
radiance_size = 2

[sub_resource type="Environment" id="Environment_3ciuf"]
background_mode = 2
sky = SubResource("Sky_6nlyh")
ambient_light_source = 3
ambient_light_color = Color(1, 1, 1, 1)
ambient_light_sky_contribution = 0.05
ambient_light_energy = 0.0
tonemap_exposure = 0.6

[sub_resource type="StyleBoxFlat" id="StyleBoxFlat_5kag3"]
bg_color = Color(0.26, 0.26, 0.26, 0.6745098)
expand_margin_left = 10.0
expand_margin_top = 10.0
expand_margin_right = 10.0
expand_margin_bottom = 10.0

[sub_resource type="LabelSettings" id="LabelSettings_gfkhe"]
font_size = 18
font_color = Color(6.160736e-06, 0.9676643, 0.5363413, 1)

[sub_resource type="LabelSettings" id="LabelSettings_5kag3"]
font_size = 18
font_color = Color(0, 0.93025094, 0.917203, 1)

[sub_resource type="LabelSettings" id="LabelSettings_g7iek"]
font_size = 18
font_color = Color(0.79622394, 0.3876549, 0.90225875, 1)

[sub_resource type="BoxMesh" id="BoxMesh_gfkhe"]

[node name="Game" type="Node3D" unique_id=1433884793]

[node name="Sky" type="WorldEnvironment" parent="." unique_id=1932838987]
environment = SubResource("Environment_3ciuf")

[node name="Sun" type="DirectionalLight3D" parent="." unique_id=1695757669]
transform = Transform3D(0.6908824, 0.511215, -0.511215, 0, 0.70710677, 0.70710677, 0.72296715, -0.48852763, 0.48852763, 0, 100, 0)
layers = 15
light_color = Color(0.9135031, 0.7004087, 0.3751921, 1)
light_energy = 3.0
light_indirect_energy = 0.0
light_angular_distance = 0.5
light_bake_mode = 0
shadow_enabled = true
directional_shadow_mode = 1
directional_shadow_max_distance = 3000.0

[node name="Ground" parent="." unique_id=66264329 instance=ExtResource("2_gfkhe")]

[node name="VehicleBody3D" parent="." unique_id=1937499188 instance=ExtResource("2_6nlyh")]
transform = Transform3D(0.62409776, 0, -0.7813462, 0, 1, 0, 0.7813462, 0, 0.62409776, -700.536, 0.9285402, 289.2952)

[node name="Label3D" type="Label3D" parent="VehicleBody3D" unique_id=391855453]
transform = Transform3D(-1, 2.262668e-08, -8.444392e-08, 0, 0.9659258, 0.25881904, 8.742278e-08, 0.25881904, -0.9659258, 20, 8, 20)
visible = false
pixel_size = 0.05
text = "Hello"
font_size = 50
autowrap_mode = 3
script = ExtResource("4_gfkhe")

[node name="Camera3D" type="Camera3D" parent="VehicleBody3D" unique_id=1412517217]
transform = Transform3D(-1, 3.908059e-08, -1.4585073e-07, 0, 0.96592575, 0.25881904, 1.509958e-07, 0.25881904, -0.96592575, 0, 3, -10)
keep_aspect = 0
v_offset = 1.5
fov = 82.1

[node name="ScoreSystem" type="Node3D" parent="." unique_id=1791733500]
visible = false

[node name="CanvasLayer" type="CanvasLayer" parent="." unique_id=450948378]

[node name="Panel" type="Panel" parent="CanvasLayer" unique_id=300918855]
offset_left = 40.000004
offset_top = 45.000004
offset_right = 190.0
offset_bottom = 245.0
scale = Vector2(2.5747821, 3.4406679)
theme_override_styles/panel = SubResource("StyleBoxFlat_5kag3")

[node name="VBoxContainer" type="VBoxContainer" parent="CanvasLayer/Panel" unique_id=1117146689]
show_behind_parent = true
z_index = 1
custom_minimum_size = Vector2(100, 150)
layout_mode = 0
offset_right = 150.0
offset_bottom = 150.0

[node name="TimeLabel" type="Label" parent="CanvasLayer/Panel/VBoxContainer" unique_id=1469559453]
custom_minimum_size = Vector2(50, 20)
layout_mode = 2
size_flags_vertical = 2
label_settings = SubResource("LabelSettings_gfkhe")
vertical_alignment = 1
script = ExtResource("6_5kag3")

[node name="SpeedLabel" type="Label" parent="CanvasLayer/Panel/VBoxContainer" unique_id=2006510528]
custom_minimum_size = Vector2(50, 20)
layout_mode = 2
label_settings = SubResource("LabelSettings_5kag3")
vertical_alignment = 1
script = ExtResource("5_he66p")

[node name="PenaltyLabel" type="Label" parent="CanvasLayer/Panel/VBoxContainer" unique_id=481933333]
layout_mode = 2
label_settings = SubResource("LabelSettings_g7iek")
vertical_alignment = 1
script = ExtResource("7_g7iek")

[node name="Debug2" type="MeshInstance3D" parent="." unique_id=2128327323]
transform = Transform3D(1, 0, 0, 0, 1, 0, 0, 0, 1, -716.25165, 2.8285568, 290.3538)
visible = false
mesh = SubResource("BoxMesh_gfkhe")

[node name="Debug1" type="MeshInstance3D" parent="." unique_id=2125617761]
transform = Transform3D(1, 0, 0, 0, 1, 0, 0, 0, 1, -709.4601, 2.8285558, 296.4333)
visible = false
mesh = SubResource("BoxMesh_gfkhe")
